1647731952.272 5 0
1647731953.148 18.708286933869708 0
1647731954.904 35.35533905932738 0
1647731955.793 65.3834841531101 0
1647731957.836 35.35533905932738 0
1647731958.396 58.52349955359813 0
1647731958.588 14.142135623730951 0
1647731958.697 7.0710678118654755 0
1647731959.054 137.2953021774598 0
1647731960.111 35.35533905932738 0
1647731960.356 5 0
1647731961.498 38.07886552931954 0
1647731962.212 3 0
1647731962.73 11.180339887498949 0
1647731963.114 177.27097901235837 0
1647731963.514 25.495097567963924 0
1647731963.989 119.47803145348522 0
1647731964.543 49.749371855331 0
1647731964.835 35.35533905932738 0
1647731965.366 5 0
1647731968.725 3 0
1647731969.13 3 0
1647731970.063 30.82207001484488 0
1647731970.282 27.83882181415011 0
1647731970.982 33.54101966249685 0
1647731971.283 5 0
1647731971.823 54.54356057317857 0
1647731972.367 7.0710678118654755 0
1647731972.816 10 0
1647731975.146 3 0
1647731975.163 13.228756555322953 0
1647731975.465 10 0
1647731975.594 34.27827300200522 0
1647731976.016 11.180339887498949 0
1647731976.102 32.01562118716424 0
1647731977.156 5 0
1647731979.43 0 1
1647731980.084 3 0
1647731980.887 90.27735042633894 0
1647731981.27 0 1
1647731982.49 5 0
1647731983.001 11.180339887498949 0
1647731983.895 26.457513110645905 0
1647731986.046 0 1
1647731986.348 35 0
1647731986.776 18.027756377319946 0
1647731988.126 31.22498999199199 0
1647731988.172 96.9535971483266 0
1647731988.625 28.722813232690143 0
1647731988.816 3 0
1647731989.481 25 0
1647731990.615 7.0710678118654755 0
1647731990.998 55.90169943749474 0
1647731992.519 26.92582403567252 0
1647731993.947 5 0
1647731994.435 10 0
1647731997.158 35.35533905932738 0
1647731999.944 36.40054944640259 0
1647732000.014 8.660254037844386 0
1647732000.531 11.180339887498949 0
1647732000.738 3 0
1647732002.858 27.83882181415011 0
1647732003.07 13.228756555322953 0
1647732003.468 53.15072906367325 0
1647732006.472 5 0
1647732006.86 35.35533905932738 0
1647732007.072 3 0
1647732007.528 7.0710678118654755 0
1647732007.74 5 0
1647732007.795 40.311288741492746 0
1647732008.8 11.180339887498949 0
1647732009.28 17.32050807568877 0
1647732009.425 3 0
1647732009.595 216.8524844220144 0
1647732009.838 27.386127875258307 0
1647732009.93 5 0
1647732012.717 90.27735042633894 0
1647732013.592 90.13878188659973 0
1647732015.141 65.3834841531101 0
1647732015.165 3 0
1647732015.367 0 1
1647732015.466 78.8986691902975 0
1647732015.608 35.707142142714254 0
1647732017.419 59.371710435189584 0
1647732018.76 10 0
1647732018.764 99.24716620639603 0
1647732020.239 79.84359711335655 0
1647732020.822 8.660254037844386 0
1647732020.95 93.40770846134703 0
1647732023.208 17.32050807568877 0
1647732024.807 50.49752469181038 0
1647732024.828 50.99019513592785 0
1647732026.902 5 0
1647732029.513 30.413812651491096 0
1647732029.892 5 0
1647732032.098 0 1
1647732032.8 31.22498999199199 0
1647732033.945 19.364916731037084 0
1647732034.078 5 0
1647732034.265 5 0
1647732034.728 55.226805085936306 0
1647732035.682 16.583123951776997 0
1647732035.981 5 0
1647732036.546 106.18380290797651 0
1647732038.455 92.19544457292886 0
1647732039.385 20 0
1647732039.57 45.552167895721496 0
1647732040.782 26.92582403567252 0
1647732041.184 7.0710678118654755 0
1647732041.388 10 0
1647732041.659 136.74794331177344 0
1647732043.364 15 0
1647732043.379 98.86859966642595 0
1647732043.391 0 1
1647732044.29 75 0
1647732044.511 44.721359549995796 0
1647732044.938 31.622776601683796 0
1647732045.376 5 0
1647732046.463 20.615528128088304 0
1647732049.795 0 1
1647732050.896 3 0
1647732051.859 14.142135623730951 0
1647732051.989 0 1
1647732052.098 21.213203435596423 0
1647732052.256 25 0
1647732053.269 5 0
1647732053.659 93.13968005098579 0
1647732053.966 76.81145747868608 0
1647732054.607 35.35533905932738 0
1647732054.76 33.54101966249685 0
1647732054.934 58.949130612757976 0
1647732055.436 325.15380975778214 0
1647732057.128 35.35533905932738 0
1647732058.276 90 0
1647732059.074 35.35533905932738 0
1647732059.621 86.31338250816034 0
1647732060.059 8.660254037844386 0
1647732061.302 35.35533905932738 0
1647732062.101 13.228756555322953 0
1647732065.427 26.92582403567252 0
1647732066.126 35.35533905932738 0
1647732066.146 43.874821936960615 0
1647732066.697 3 0
1647732067.021 7.0710678118654755 0
1647732067.291 19.364916731037084 0
1647732067.539 50.7444578254611 0
1647732069.1 117.89826122551595 0
1647732071.114 3 0
1647732073.939 15.811388300841898 0
1647732075.393 109.31605554537724 0
1647732075.467 20.615528128088304 0
1647732076.721 63.63961030678928 0
1647732077.121 26.457513110645905 0
1647732081.519 50.24937810560445 0
1647732082.833 3 0
1647732085.338 18.708286933869708 0
1647732085.576 61.44102863722254 0
1647732086.232 8.660254037844386 0
1647732087.228 35.707142142714254 0
1647732088.408 38.72983346207417 0
1647732088.733 92.05976319760984 0
1647732089.502 5 0
1647732090.132 22.9128784747792 0
1647732090.321 0 1
1647732091.866 60.41522986797286 0
1647732092.848 5 0
1647732093.878 7.0710678118654755 0
1647732094.586 35.35533905932738 0
1647732095.346 20 0
1647732097.54 10 0
1647732097.559 219.9431744792277 0
1647732098.928 5 0
1647732099.122 26.457513110645905 0
1647732099.78 5 0
1647732100.14 55.90169943749474 0
1647732100.458 22.360679774997898 0
1647732101.278 21.213203435596423 0
1647732101.387 32.78719262151 0
1647732103.283 49.749371855331 0
1647732104.033 31.22498999199199 0
1647732104.468 35.35533905932738 0
1647732105.426 38.72983346207417 0
1647732107.498 7.0710678118654755 0
1647732109.654 79.68688725254614 0
1647732110.407 5 0
1647732110.601 554.143483224336 0
1647732110.849 35 0
1647732111.109 10 0
1647732113.182 22.9128784747792 0
1647732113.95 3 0
1647732114.365 5 0
1647732115.031 12.24744871391589 0
1647732115.645 139.01438774457844 0
1647732116.271 30.413812651491096 0
1647732116.375 3 0
1647732119.094 3 0
1647732121.062 10 0
1647732121.525 36.742346141747674 0
1647732122.048 7.0710678118654755 0
1647732125.367 3 0
1647732126.445 0 1
1647732127.612 80 0
1647732127.728 0 1
1647732128.385 15.811388300841898 0
1647732129.368 113.46805717910216 0
1647732129.79 56.568542494923804 0
1647732130.4 17.32050807568877 0
1647732130.866 35.35533905932738 0
1647732132.227 43.58898943540674 0
1647732133.574 35.35533905932738 0
1647732133.647 22.9128784747792 0
1647732134.206 7.0710678118654755 0
1647732134.398 15.811388300841898 0
1647732134.816 43.58898943540674 0
1647732135.357 43.58898943540674 0
1647732135.676 12.24744871391589 0
1647732136.847 34.64101615137754 0
1647732137.204 35.35533905932738 0
1647732138.319 59.16079783099616 0
1647732139.3 52.201532544552755 0
1647732140.313 188.1488772222678 0
1647732141.594 12.24744871391589 0
1647732142.228 339.92646263567065 0
1647732142.314 37.416573867739416 0
1647732142.514 35.35533905932738 0
1647732142.642 61.23724356957945 0
1647732143.368 41.83300132670378 0
1647732143.594 7.0710678118654755 0
1647732144.277 5 0
1647732144.505 40.926763859362254 0
1647732145.076 15 0
1647732145.605 25.495097567963924 0
1647732148.018 5 0
1647732148.615 11.180339887498949 0
1647732149.121 30.82207001484488 0
1647732150.303 0 1
1647732150.935 3 0
1647732151.348 31.22498999199199 0
1647732151.961 83.21658488546619 0
1647732153.474 29.58039891549808 0
1647732153.476 38.07886552931954 0
1647732155.068 64.61423991660043 0
1647732155.573 15 0
1647732157.507 42.720018726587654 0
1647732157.978 0 1
1647732158.578 3 0
1647732160.314 11.180339887498949 0
1647732161.053 47.958315233127195 0
1647732161.676 35.35533905932738 0
1647732161.889 33.91164991562634 0
1647732162.643 5 0
1647732164.463 15.811388300841898 0
1647732165.069 25.98076211353316 0
1647732168.228 112.80514172678478 0
1647732169.331 136.6565036871645 0
1647732170.777 30.82207001484488 0
1647732173.102 5 0
1647732173.639 31.622776601683796 0
1647732175.244 308.9902911096075 0
1647732175.425 288.3574171059243 0
1647732176.766 21.213203435596423 0
1647732176.85 5 0
1647732176.989 35.35533905932738 0
1647732177.186 40 0
1647732179.426 15 0
1647732179.763 26.457513110645905 0
1647732182.243 3 0
1647732184.102 37.74917217635375 0
1647732184.146 5 0
1647732184.407 28.284271247461902 0
1647732184.772 46.36809247747852 0
1647732184.995 31.22498999199199 0
1647732185.128 27.83882181415011 0
1647732186.041 34.27827300200522 0
1647732188.327 15.811388300841898 0
1647732188.443 33.91164991562634 0
1647732190.251 33.166247903553995 0
1647732190.944 22.360679774997898 0
1647732192.533 3 0
1647732195.273 62.64982043070834 0
1647732195.3 7.0710678118654755 0
1647732195.85 37.080992435478315 0
1647732195.994 7.0710678118654755 0
1647732198.461 7.0710678118654755 0
1647732199.247 5 0
1647732199.252 30 0
1647732199.385 29.58039891549808 0
1647732199.825 101.11874208078342 0
1647732200.744 14.142135623730951 0
1647732202.163 30.82207001484488 0
1647732204.204 8.660254037844386 0
1647732204.963 43.58898943540674 0
1647732207.266 14.142135623730951 0
1647732207.464 62.64982043070834 0
1647732208.375 32.01562118716424 0
1647732209.985 29.58039891549808 0
1647732211.308 33.54101966249685 0
1647732211.557 35 0
1647732212.853 130.28814220795383 0
1647732213.479 17.32050807568877 0
1647732213.74 7.0710678118654755 0
1647732214.095 12.24744871391589 0
1647732214.608 8.660254037844386 0
1647732214.669 42.720018726587654 0
1647732214.81 58.09475019311125 0
1647732214.812 30.82207001484488 0
1647732215.865 44.15880433163924 0
1647732216.044 14.142135623730951 0
1647732216.324 64.61423991660043 0
1647732216.38 186.41351882307248 0
1647732217.606 23.45207879911715 0
1647732218.023 23.45207879911715 0
1647732218.799 110.7925990308017 0
1647732219.004 168.81943016134133 0
1647732220.346 30.82207001484488 0
1647732220.614 17.32050807568877 0
1647732220.81 0 1
1647732220.84 79.68688725254614 0
1647732221.858 3 0
1647732222.572 17.32050807568877 0
1647732223.095 55.45268253204709 0
1647732223.124 25.495097567963924 0
1647732224.585 11.180339887498949 0
1647732224.783 36.742346141747674 0
1647732225.633 5 0
1647732226.231 30.413812651491 0